%chk=AlOH3_cp.chk
%nprocshared=8
%mem=14GB
#p B3LYP/def2TZVP EmpiricalDispersion=GD3BJ Counterpoise=2 SCRF=(SMD,Solvent=Tetrahydrofuran) int=ultrafine

AlOH3+AlCl4 CP

-1,1 0,1 -1,1
Al(Fragment=1) 2.23183 -0.05979 -0.09288
O(Fragment=1) 0.78523 -0.21529 -1.12145
O(Fragment=1) 3.14241 1.36630 -0.40380
O(Fragment=1) 3.02418 -1.55582 0.14042
H(Fragment=1) 0.71274 -0.97087 -1.72780
H(Fragment=1) 4.03842 1.43705 -0.05942
H(Fragment=1) 3.38078 -1.81012 0.99662
Al(Fragment=2) -0.92459 0.01518 -0.13673
Cl(Fragment=2) 0.72198 0.37869 1.55551
Cl(Fragment=2) -1.46715 1.80437 -1.24999
Cl(Fragment=2) -2.45254 0.10778 1.45791
Cl(Fragment=2) -1.55174 -1.98717 -0.88966

