%chk=BSiOx_bsse.chk
%nprocshared=8
%mem=14GB
#p B3LYP/def2TZVP EmpiricalDispersion=GD3BJ Counterpoise=2 int=ultrafine

BSiOx_bsse

-1,1 0,1 -1,1
B(Fragment=1) -2.40375 -1.78106 0.24049
O(Fragment=1) -2.93327 -0.71998 -0.41087
Si(Fragment=1) -3.17221 0.88311 0.06105
H(Fragment=1) -1.95710 -1.65797 1.36037
H(Fragment=1) -2.50376 -2.87011 -0.27834
H(Fragment=1) -2.22490 1.25958 1.13960
H(Fragment=1) -3.02501 1.74020 -1.13859
H(Fragment=1) -4.57434 0.98675 0.55918
Al(Fragment=2) 1.16560 0.04185 0.00538
Cl(Fragment=2) 0.44412 -1.89373 -0.67536
Cl(Fragment=2) 0.17595 1.59179 -1.13609
Cl(Fragment=2) 3.29779 0.14983 -0.32457
Cl(Fragment=2) 0.73085 0.28735 2.10765

