%chk=disiloxane_bsse.chk
%nprocshared=8
%mem=14GB
#p B3LYP/def2TZVP EmpiricalDispersion=GD3BJ Counterpoise=2 int=ultrafine

disiloxane_bsse

-1,1 0,1 -1,1
Si(Fragment=1) -3.21061 -1.40139 0.02137
O(Fragment=1) -3.26079 0.24826 -0.17825
Si(Fragment=1) -2.33410 1.61461 0.04655
H(Fragment=1) -4.53971 -1.82426 0.55436
H(Fragment=1) -2.15475 -1.79450 0.99363
H(Fragment=1) -2.99989 -2.08980 -1.28091
H(Fragment=1) -3.25026 2.69577 0.51775
H(Fragment=1) -1.30289 1.37142 1.08672
H(Fragment=1) -1.71788 2.05577 -1.23070
Al(Fragment=2) 1.48257 -0.05977 0.00976
Cl(Fragment=2) -0.04966 -0.73877 -1.37691
Cl(Fragment=2) 0.94873 -0.65859 2.01780
Cl(Fragment=2) 1.64075 2.09285 -0.11585
Cl(Fragment=2) 3.36630 -0.96658 -0.54226

