%chk=phosphazene_cp.chk
%nprocshared=8
%mem=14GB
#p B3LYP/def2TZVP EmpiricalDispersion=GD3BJ Counterpoise=2 SCRF=(SMD,Solvent=Tetrahydrofuran) int=ultrafine

phosphazene+AlCl4 CP

-1,1 0,1 -1,1
P(Fragment=1) 3.15606 -0.36759 -0.04481
N(Fragment=1) 2.78504 1.15804 0.17451
H(Fragment=1) 1.90083 1.40333 -0.27811
H(Fragment=1) 2.33249 -1.41817 0.45943
H(Fragment=1) 4.38432 -0.63304 0.60198
H(Fragment=1) 3.41839 -0.90482 -1.34822
Al(Fragment=2) -0.97664 -0.00927 0.01828
Cl(Fragment=2) -0.77599 2.13506 0.20914
Cl(Fragment=2) -0.27953 -1.00947 1.80378
Cl(Fragment=2) 0.20936 -0.65962 -1.68419
Cl(Fragment=2) -3.04653 -0.52003 -0.34180

